date,hour,type,东四,天坛,官园,万寿西宫,奥体中心,农展馆,万柳,北部新区,植物园,丰台花园,云岗,古城,房山,大兴,亦庄,通州,顺义,昌平,门头沟,平谷,怀柔,密云,延庆,定陵,八达岭,密云水库,东高村,永乐店,榆垡,琉璃河,前门,永定门内,西直门北,南三环,东四环
20160607,0,PM2.5,52,61,39,70,39,70,35,35,29,41,27,37,41,87,68,73,58,54,35,40,34,24,26,55,38,25,32,,92,53,19,65,34,26,97
20160607,0,PM2.5_24h,98,96,99,100,88,96,85,87,81,102,89,89,109,99,101,100,75,70,84,66,58,69,76,77,71,53,70,,118,95,113,102,98,95,120
20160607,0,PM10,,77,45,75,,,,,,75,,45,,102,99,77,,,37,,66,,27,,,,,25,141,62,70,70,,68,
20160607,0,PM10_24h,,119,127,119,,,,,,112,,122,,124,140,128,,,125,,109,,85,,,,,111,143,122,139,128,,139,
20160607,0,AQI,127,127,132,131,131,127,113,114,108,134,119,118,143,130,133,131,101,94,111,90,80,93,101,103,96,73,94,81,155,126,174,134,127,111,157
20160607,1,PM2.5,68,69,46,71,53,65,39,42,43,53,31,40,44,81,86,68,57,59,34,32,36,26,18,54,43,24,41,,47,46,30,69,47,29,90
20160607,1,PM2.5_24h,94,97,98,100,88,96,85,85,81,102,88,89,108,100,103,101,77,71,83,67,58,68,74,77,70,53,70,,118,94,109,102,98,93,121
20160607,1,PM10,,,,,,,43,,,,39,,46,,,,,,,,,38,,,,27,,73,60,76,38,,,58,
20160607,1,PM10_24h,,,,,,,93,,,,93,,46,,,,,,,,,104,,,,75,,118,139,121,127,,,136,
20160607,1,AQI,123,128,131,132,117,127,112,113,108,134,117,118,142,132,135,133,102,95,110,90,82,92,100,103,95,73,95,84,155,124,170,135,126,109,159
20160607,2,PM2.5,66,75,62,67,71,68,41,43,39,65,35,39,62,80,61,50,34,62,43,37,31,31,13,57,38,36,34,,42,59,42,65,56,27,95
20160607,2,PM2.5_24h,90,98,98,101,89,97,84,85,81,102,88,88,109,101,103,101,77,72,83,67,58,67,73,77,69,53,70,,118,92,107,103,96,90,123
20160607,2,PM10,,,,,,,,,,68,,,,,,,,,,55,,43,,,,,,40,,94,,,,42,
20160607,2,PM10_24h,,,,,,,,,,116,,,,,,,,,,111,,103,,,,,,107,,120,,,,133,
20160607,2,AQI,119,129,131,133,118,129,112,113,108,134,116,117,142,133,135,133,103,96,111,90,82,91,98,103,93,73,95,179,154,122,166,135,126,107,161
20160607,3,PM2.5,74,72,80,77,84,70,40,47,34,80,37,34,78,67,49,41,38,60,56,41,31,36,26,52,34,39,39,,44,87,40,74,67,37,95
20160607,3,PM2.5_24h,89,98,99,102,91,98,84,85,80,103,87,87,109,101,102,100,76,73,84,67,58,67,71,77,68,54,70,,118,93,103,104,96,88,124
20160607,3,PM10,,,,,,,,,,,47,,,,,,,,,,,,,,,,,21,76,102,41,,,47,
20160607,3,PM10_24h,,,,,,,,,,,82,,,,,,,,,,,,,,,,,96,144,121,117,,,131,
20160607,3,AQI,117,130,132,134,120,130,112,113,107,135,116,116,143,134,134,132,102,98,111,91,82,90,96,103,91,74,94,184,154,123,162,136,127,104,164
20160607,4,PM2.5,73,58,86,70,66,68,58,43,35,93,37,46,84,64,51,52,52,60,46,36,36,34,35,45,37,44,44,,55,85,42,64,71,26,97
20160607,4,PM2.5_24h,87,98,100,102,91,98,84,84,80,104,86,87,110,101,101,100,77,74,84,67,58,66,70,77,66,54,70,,118,94,100,103,97,85,125
20160607,4,PM10,,,,,,,,,40,,40,80,,,,,,,67,,,49,,,,76,,20,,,,,,41,
20160607,4,PM10_24h,,,,,,,,,96,,73,125,,,,,,,130,,,99,,,,78,,88,,,,,,126,
20160607,4,AQI,115,129,133,134,121,130,112,112,107,136,114,115,144,134,133,131,103,99,112,90,82,89,94,102,90,74,94,189,154,125,159,136,128,102,165
20160607,5,PM2.5,63,58,77,60,64,51,65,36,33,82,46,52,69,60,58,48,68,68,33,45,35,33,30,42,36,39,39,15,63,68,31,64,68,20,82
20160607,5,PM2.5_24h,85,97,100,101,91,97,85,83,79,104,85,87,110,101,100,99,78,74,83,67,58,65,68,76,65,54,69,146,118,95,96,102,97,81,125
20160607,5,PM10,,,,,,,,,,,,,,,,,,,33,,,100,,,,124,55,22,,,,,,38,
20160607,5,PM10_24h,,,,,,,,,,,,,,,,,,,127,,,99,,,,85,89,81,,,,,,122,
20160607,5,AQI,113,128,133,133,121,128,113,111,106,137,113,115,144,133,132,130,104,99,111,91,82,88,92,102,88,74,93,185,154,125,154,135,127,98,165
20160607,6,PM2.5,48,50,71,51,50,43,65,45,49,68,54,54,78,64,46,48,65,71,34,45,32,27,26,41,45,43,39,27,78,52,21,57,57,26,64
20160607,6,PM2.5_24h,82,96,100,100,90,95,85,82,79,103,85,87,110,100,99,98,78,75,82,67,58,63,66,76,64,54,69,144,118,94,90,101,96,77,124
20160607,6,PM10,,,,,,,,,,,,,,,,,,,,64,33,144,,,,130,58,,,,24,,,55,
20160607,6,PM10_24h,,,,,,,,,,,,,,,,,,,,118,109,102,,,,88,79,,,,108,,,119,
20160607,6,AQI,109,127,133,132,120,126,113,110,105,136,113,115,144,131,130,129,104,100,109,91,80,86,89,101,87,74,93,181,155,124,148,133,126,94,163
20160607,7,PM2.5,38,44,51,40,42,32,45,45,53,67,60,60,80,46,46,40,53,63,39,42,33,30,27,46,50,38,39,20,63,65,14,53,40,38,57
20160607,7,PM2.5_24h,78,95,98,98,89,93,85,81,79,102,84,86,109,98,97,96,78,75,81,67,57,61,63,75,64,53,68,140,117,94,83,99,93,73,122
20160607,7,PM10,49,,,,,33,,,,,,,,,,45,,,,79,122,152,36,,,132,69,,,,44,60,,64,
20160607,7,PM10_24h,130,,,,,132,,,,,,,,,,126,,,,119,110,105,83,,,94,76,,,,102,128,,117,
20160607,7,AQI,105,125,131,129,118,124,112,109,105,135,112,115,143,129,127,126,104,101,108,90,80,82,86,101,86,73,92,177,153,124,141,130,124,91,161
20160607,8,PM2.5,35,38,41,30,30,38,37,54,52,49,49,48,44,43,35,37,46,63,50,40,33,28,26,55,49,44,35,24,56,66,10,45,41,47,53
20160607,8,PM2.5_24h,75,92,96,95,86,91,83,81,79,100,83,85,107,95,94,93,76,76,80,66,56,57,61,75,63,53,67,136,114,92,76,96,91,69,120
20160607,8,PM10,69,,49,35,45,51,,,,,,,,,,,81,,,43,131,137,51,,,116,59,48,,,48,72,70,74,99
20160607,8,PM10_24h,122,,128,120,208,119,,,,,,,,,,,104,,,116,112,101,79,,,95,73,78,,,98,122,141,115,158
20160607,8,AQI,102,122,128,126,130,121,111,108,105,132,110,114,140,126,124,123,102,101,107,89,82,77,83,101,85,73,90,172,149,122,134,127,120,87,158
20160607,9,PM2.5,38,35,46,27,33,30,38,53,46,35,41,46,49,44,33,33,43,61,43,45,33,29,30,58,47,45,34,19,52,59,12,38,37,39,47
20160607,9,PM2.5_24h,73,90,93,92,84,89,81,80,78,97,81,84,104,93,91,91,75,76,79,65,55,53,59,75,61,53,66,132,110,90,69,93,88,65,118
20160607,9,PM10,80,,47,45,73,55,77,,59,,,49,,59,56,,82,74,,59,106,119,42,,,112,51,46,58,,58,81,100,111,86
20160607,9,PM10_24h,116,,120,112,181,109,106,,107,,,131,,135,151,,101,105,,115,112,102,73,,,96,69,73,150,,95,118,137,114,134
20160607,9,AQI,99,119,125,122,116,118,108,107,104,128,108,112,137,123,121,120,101,102,106,88,81,77,80,101,83,74,89,165,144,119,126,123,117,83,154
20160607,10,PM2.5,35,37,54,14,36,29,39,,48,38,42,48,52,38,33,38,57,57,44,42,30,32,,67,45,45,35,31,50,51,11,40,36,44,45
20160607,10,PM2.5_24h,70,87,91,89,82,86,79,,76,95,80,83,101,90,88,88,75,76,78,64,54,51,,75,58,52,65,128,106,88,61,89,85,60,115
20160607,10,PM10,100,84,,66,50,60,55,33,76,58,,209,,78,35,,93,93,46,,104,140,,79,,133,54,55,,,94,94,78,137,110
20160607,10,PM10_24h,115,124,,107,159,103,100,33,104,120,,138,,132,141,,99,107,129,,111,104,,110,,99,67,66,,,95,116,132,115,128
20160607,10,AQI,96,116,122,118,109,114,106,16,102,125,106,110,133,120,117,117,100,102,105,87,81,78,,101,79,75,87,160,140,116,118,118,113,83,150
20160607,11,PM2.5,39,50,38,49,32,39,35,,53,44,51,46,50,35,42,30,51,57,41,44,31,38,32,73,52,46,36,45,56,51,17,,39,51,
20160607,11,PM2.5_24h,69,84,88,86,79,83,76,,75,91,78,81,98,87,85,86,74,76,77,63,53,49,54,75,56,52,63,125,103,85,53,,82,56,
20160607,11,PM10,87,55,77,83,71,75,44,,82,102,52,81,,88,101,94,94,,94,55,200,146,37,86,,138,69,65,108,,101,,113,131,88
20160607,11,PM10_24h,112,117,117,105,147,100,94,,102,117,70,135,,129,138,122,99,,128,110,119,106,64,110,,103,67,58,144,,95,,132,116,120
20160607,11,AQI,94,112,118,114,105,111,102,7,100,121,104,108,129,115,113,114,99,101,102,86,85,79,75,101,77,77,85,156,135,113,110,,109,84,149
20160607,12,PM2.5,41,50,48,42,37,35,49,45,55,48,53,50,53,55,53,41,52,53,46,37,43,37,26,63,56,38,48,59,65,54,12,44,44,55,
20160607,12,PM2.5_24h,67,82,84,82,76,80,74,79,73,88,75,77,94,84,83,84,73,75,74,62,52,48,52,75,55,51,62,122,99,83,43,82,80,50,
20160607,12,PM10,88,86,119,84,89,98,103,65,80,66,,102,60,104,130,124,107,88,79,70,192,167,31,64,,106,78,118,120,,107,106,111,129,111
20160607,12,PM10_24h,110,113,116,103,140,100,95,49,99,111,,132,53,127,138,122,100,109,123,109,125,111,61,108,,104,68,63,140,,96,115,131,116,118
20160607,12,AQI,92,109,114,109,101,107,99,104,98,116,100,104,124,112,110,112,98,100,99,84,88,81,70,101,75,77,84,151,130,110,100,109,107,83,147
20160607,13,PM2.5,54,59,68,56,43,49,61,64,59,61,55,57,61,57,63,56,51,61,49,39,50,44,35,67,58,34,42,76,72,71,36,63,53,69,
20160607,13,PM2.5_24h,66,79,81,79,73,77,71,75,70,85,72,75,90,81,80,81,71,74,71,60,51,48,50,74,54,49,61,117,95,81,35,78,79,45,
20160607,13,PM10,91,98,98,113,81,106,81,,82,108,72,94,,111,148,137,100,62,125,119,79,204,,81,,97,73,,135,77,121,115,114,144,120
20160607,13,PM10_24h,108,112,114,104,133,100,94,,97,110,70,130,,126,139,124,98,107,121,110,123,117,,106,,103,69,,140,126,97,115,129,117,119
20160607,13,AQI,91,105,111,106,97,103,96,101,95,113,97,100,119,108,107,108,95,99,96,82,87,84,68,99,74,77,82,146,125,108,92,102,105,84,145
20160607,14,PM2.5,64,65,86,67,56,71,61,64,58,78,65,63,64,71,59,69,45,48,54,36,43,48,38,63,55,43,41,72,89,55,57,72,67,72,
20160607,14,PM2.5_24h,66,77,79,77,70,75,68,72,68,82,70,72,87,78,77,79,69,72,69,58,49,47,48,72,52,48,59,110,91,79,28,74,76,40,
20160607,14,PM10,101,108,110,107,91,105,78,,78,111,,102,66,102,130,80,86,61,65,113,70,139,,66,,133,65,,128,77,122,115,122,138,109
20160607,14,PM10_24h,108,110,111,104,129,101,92,,96,111,,127,57,124,139,117,97,103,117,108,121,119,,102,,106,69,,136,122,99,115,129,118,117
20160607,14,AQI,91,102,108,103,94,100,92,97,91,109,94,97,115,105,103,105,93,97,92,80,86,85,66,97,72,78,80,137,121,105,85,97,101,84,142
20160607,15,PM2.5,71,69,69,78,65,61,63,63,62,77,65,68,59,70,69,62,49,50,48,37,43,43,39,55,56,52,49,79,94,58,53,75,64,75,
20160607,15,PM2.5_24h,66,74,76,74,68,72,66,69,65,80,67,70,83,76,75,76,68,70,65,56,47,45,46,70,50,47,57,102,88,76,29,70,73,42,
20160607,15,PM10,90,118,109,107,89,92,87,,82,108,,96,,107,87,72,84,63,50,87,63,105,41,71,,136,70,,104,78,112,107,102,130,103
20160607,15,PM10_24h,106,111,111,105,125,100,92,,95,110,,125,,123,135,113,96,97,110,106,117,119,58,99,,108,69,,131,118,99,115,127,116,116
20160607,15,AQI,91,99,104,99,92,97,89,93,88,106,91,94,111,102,100,101,92,94,88,78,84,85,63,95,69,79,78,128,117,102,75,92,97,84,138
20160607,16,PM2.5,74,68,74,78,66,69,63,66,58,69,56,60,54,68,67,56,54,54,48,46,37,41,53,51,57,49,49,139,97,67,64,71,69,83,3
20160607,16,PM2.5_24h,67,71,73,72,65,69,63,67,63,77,64,67,79,74,72,72,67,67,62,54,45,44,44,67,46,46,55,96,84,74,31,70,70,44,97
20160607,16,PM10,82,96,92,99,77,84,,,78,,60,80,55,79,93,85,78,65,81,125,109,118,,61,,109,63,,104,75,87,95,109,133,95
20160607,16,PM10_24h,105,110,110,104,121,99,,,94,,69,122,57,120,132,110,96,93,108,106,114,119,,96,,108,68,,123,115,99,114,126,115,114
20160607,16,AQI,91,96,101,96,89,93,86,90,85,103,87,91,106,100,97,97,91,91,85,78,83,85,61,91,70,79,75,121,112,99,75,92,94,83,128
20160607,17,PM2.5,69,72,80,75,69,65,55,61,62,62,57,60,63,67,65,68,50,49,48,47,44,42,63,54,61,46,51,145,96,59,73,74,68,81,3
20160607,17,PM2.5_24h,67,69,71,69,63,67,60,65,61,74,62,65,75,72,70,70,64,65,60,52,43,41,40,64,47,44,53,92,81,71,33,70,67,46,88
20160607,17,PM10,80,92,109,,74,81,74,,82,,,94,,81,79,81,64,66,91,86,73,97,,61,,104,68,,,81,98,98,98,120,74
20160607,17,PM10_24h,103,108,107,,118,98,88,,93,,,119,,117,129,108,93,89,107,102,111,117,,89,,107,68,,,110,99,112,122,112,110
20160607,17,AQI,91,93,98,93,86,90,82,88,83,99,84,88,101,97,94,94,87,88,81,77,81,87,64,87,82,79,73,117,108,96,75,93,91,82,117
20160607,18,PM2.5,64,61,68,70,64,60,53,63,59,54,61,61,69,70,67,69,56,40,53,51,45,51,62,49,58,57,54,128,91,56,66,61,64,69,3
20160607,18,PM2.5_24h,67,66,71,67,61,64,58,62,58,71,59,62,72,70,67,67,61,62,57,49,40,39,36,61,47,42,50,87,79,69,35,69,64,47,80
20160607,18,PM10,70,,76,77,,70,56,,77,70,67,93,70,78,90,77,77,82,107,114,49,98,70,70,62,104,65,,109,77,69,78,84,108,77
20160607,18,PM10_24h,99,,105,101,,96,86,,89,104,69,116,59,112,123,105,92,85,105,100,105,115,46,82,68,106,68,,122,107,95,107,118,109,107
20160607,18,AQI,90,89,95,90,84,87,79,85,80,95,81,85,97,94,91,90,83,84,78,75,78,96,65,83,68,79,70,110,106,93,73,92,87,80,107
20160607,19,PM2.5,63,69,68,76,63,62,57,60,63,73,65,72,74,74,81,66,61,50,61,49,48,50,69,54,62,56,62,110,90,62,65,68,62,75,
20160607,19,PM2.5_24h,64,64,68,64,59,61,55,59,56,68,57,60,70,68,65,63,58,59,54,46,38,37,36,58,48,40,48,82,78,67,36,68,61,49,
20160607,19,PM10,72,112,91,90,73,84,77,,85,117,,115,,74,129,93,81,105,106,122,99,91,78,75,69,100,76,,,79,101,84,100,115,65
20160607,19,PM10_24h,94,106,100,97,114,92,82,,85,106,,113,,108,122,104,91,82,102,96,103,113,49,76,68,104,69,,,102,92,102,114,105,104
20160607,19,AQI,86,86,91,87,83,83,76,81,76,92,78,82,94,92,88,86,79,81,77,74,77,82,71,80,66,78,66,104,104,91,71,91,83,78,100
20160607,20,PM2.5,75,74,74,78,69,71,68,63,63,86,66,78,86,79,81,82,59,50,66,57,53,50,64,47,61,56,62,95,89,59,74,76,71,83,
20160607,20,PM2.5_24h,61,62,65,63,56,58,53,57,54,67,55,58,69,67,63,60,54,57,52,43,37,36,37,56,48,41,44,75,76,66,38,66,58,50,
20160607,20,PM10,77,90,113,94,76,92,101,,75,130,69,118,89,90,85,122,81,85,108,100,82,86,72,87,72,90,67,,,,93,89,112,134,96
20160607,20,PM10_24h,89,101,97,93,109,89,80,,82,107,63,109,64,105,119,106,86,77,95,90,101,111,50,77,69,106,68,,,,88,97,109,103,104
20160607,20,AQI,83,84,88,85,80,79,73,78,74,90,76,80,92,90,86,82,74,77,73,71,76,81,68,77,67,78,62,96,102,89,69,88,80,77,77
20160607,21,PM2.5,87,84,91,90,72,87,79,64,63,98,79,89,93,87,92,95,72,64,74,61,64,56,57,47,59,59,58,51,97,64,83,90,84,90,
20160607,21,PM2.5_24h,60,61,64,62,54,57,52,53,52,66,54,57,67,67,62,58,54,56,51,42,38,37,37,56,49,42,42,69,75,64,40,65,57,52,
20160607,21,PM10,,94,142,104,99,93,93,,79,106,,138,,,109,132,94,93,121,129,154,98,76,63,68,97,66,135,,,108,104,132,121,103
20160607,21,PM10_24h,,99,99,91,104,87,77,,79,104,,107,,,116,96,86,79,90,84,99,114,53,74,69,105,65,56,,,85,94,108,100,103
20160607,21,AQI,81,83,87,85,78,78,72,74,72,89,74,79,91,90,84,79,74,77,70,67,75,82,53,77,68,78,60,89,101,87,68,87,79,76,77
20160607,22,PM2.5,94,92,92,95,86,89,85,65,73,107,75,85,96,99,98,115,89,74,76,68,71,72,54,48,57,63,70,32,106,67,92,95,86,95,
20160607,22,PM2.5_24h,60,62,65,63,55,58,53,53,51,66,53,56,67,67,62,58,55,58,49,44,40,39,38,54,50,43,44,62,75,63,42,65,57,54,
20160607,22,PM10,,,95,,91,,,,84,,,,,,104,,97,101,96,119,101,106,77,63,61,93,72,134,,,,,103,108,88
20160607,22,PM10_24h,,,91,,77,,,,76,,,,,,102,,87,80,82,88,99,113,53,71,66,105,65,62,,,,,103,97,95
20160607,22,AQI,82,84,88,85,76,79,73,72,71,89,73,76,90,90,84,79,76,79,68,70,75,82,54,75,69,78,62,81,100,86,65,87,78,74,73
20160607,23,PM2.5,98,89,98,97,91,92,89,71,70,116,72,76,95,94,113,112,103,85,77,78,71,79,63,51,65,59,82,75,97,60,91,93,93,95,
20160607,23,PM2.5_24h,62,62,67,64,58,59,55,54,52,69,53,57,67,67,63,60,57,59,50,46,42,41,40,54,51,45,46,65,74,61,44,66,59,56,
20160607,23,PM10,,,,,,,,,,,,,,,,,,91,83,152,97,118,81,,66,84,,150,,,,,,,71
20160607,23,PM10_24h,,,,,,,,,,,,,,,,,,81,82,94,102,113,55,,66,107,,68,,,,,,,93
20160607,23,AQI,84,85,90,86,79,80,75,74,72,92,73,78,90,90,86,82,78,80,69,72,76,82,56,74,70,79,65,85,99,84,66,88,81,77,72
